808
380 209
379 208
378 208
377 208
376 208
376 207
375 207
374 207
373 207
372 207
372 206
371 206
370 206
369 206
368 206
368 205
367 205
366 205
365 205
364 204
363 204
362 204
361 204
361 203
360 203
359 203
358 203
357 203
357 202
356 202
355 202
354 202
353 202
353 201
352 201
351 201
350 201
350 201
349 201
348 201
347 201
346 201
345 201
344 201
343 201
342 201
341 201
340 201
339 201
338 201
337 201
336 201
335 201
334 201
333 201
332 202
331 202
330 202
329 202
328 202
327 202
326 202
325 202
324 202
323 202
322 202
321 202
320 202
319 202
318 202
317 202
316 202
316 203
315 203
315 202
315 203
315 202
315 203
314 202
314 203
313 203
313 202
313 203
313 202
313 203
312 203
312 202
312 203
312 202
312 203
311 203
311 202
311 203
311 202
311 203
311 202
311 203
311 202
310 203
310 202
310 203
309 203
309 202
309 203
309 202
309 203
308 203
308 202
308 203
307 203
307 202
307 203
307 202
307 203
307 202
306 203
306 202
306 203
306 202
306 203
306 202
306 203
306 202
306 203
305 203
305 202
305 203
305 202
305 203
305 202
305 203
305 202
305 203
304 203
304 202
304 203
304 202
304 203
303 203
303 202
303 203
303 202
303 203
302 203
301 203
300 203
299 203
298 203
297 203
296 203
295 203
294 203
293 203
292 203
291 203
290 203
289 203
288 203
287 203
286 203
285 203
284 203
283 203
282 203
282 203
281 203
280 203
279 203
279 204
278 204
277 204
276 204
276 205
275 205
274 205
273 205
273 206
272 206
271 206
270 206
270 207
269 207
268 207
267 207
267 208
266 208
265 208
265 209
264 209
263 209
263 210
262 210
261 210
261 211
260 211
260 212
259 212
258 212
258 213
257 213
257 214
256 214
255 214
255 215
254 215
254 216
253 216
252 216
252 217
251 217
251 218
250 218
250 219
249 219
249 220
248 220
248 221
247 221
247 222
246 222
246 223
245 223
245 224
244 224
244 225
243 225
243 226
242 226
242 227
241 227
241 228
240 228
240 229
239 229
239 230
238 230
238 231
237 231
237 232
237 233
236 233
236 234
235 234
235 235
234 235
234 236
233 236
233 237
233 238
232 238
232 239
231 239
231 240
230 240
230 241
229 241
229 242
228 243
228 244
227 244
227 245
226 245
226 246
225 246
225 247
224 248
224 249
223 249
223 250
222 250
222 251
221 251
221 252
220 253
220 254
219 254
219 255
218 255
218 256
217 256
217 257
217 258
216 258
216 259
215 259
215 260
214 260
214 261
214 262
213 262
213 263
212 263
212 264
212 265
211 265
211 266
210 266
210 267
209 267
209 268
209 269
208 269
208 270
207 270
207 271
207 272
206 272
206 273
205 273
205 274
204 274
204 275
204 276
203 276
203 277
202 277
202 278
202 279
201 279
201 280
200 280
200 281
199 281
199 282
199 283
198 283
198 284
197 284
197 285
197 286
196 286
196 287
195 287
195 288
195 289
194 289
194 290
194 291
193 291
193 292
193 293
192 293
192 294
192 295
191 295
191 296
191 297
190 297
190 298
190 299
190 300
189 300
189 301
189 302
188 302
188 303
188 304
187 304
187 305
187 306
186 306
186 307
186 308
186 309
185 309
185 310
185 311
184 311
184 312
184 313
183 313
183 314
183 315
182 315
182 316
182 317
182 318
181 318
182 318
181 318
182 318
181 318
182 318
181 318
182 318
182 319
181 319
182 319
181 319
182 319
182 320
181 320
182 320
181 320
182 320
181 320
182 320
181 321
182 321
181 321
182 321
181 321
182 321
181 321
182 321
182 322
181 322
182 322
182 323
181 323
182 323
181 323
182 323
181 323
182 323
182 324
181 324
182 324
181 324
182 324
181 324
182 324
181 324
182 324
182 325
182 326
182 327
182 328
182 329
182 330
182 331
182 332
182 333
182 334
182 335
182 336
182 337
182 338
182 339
182 340
182 341
182 342
182 343
182 344
183 344
183 345
183 346
183 347
184 347
184 348
184 349
184 350
184 351
185 351
185 352
185 353
185 354
186 354
186 355
186 356
186 357
186 358
187 358
187 359
187 360
187 361
188 361
188 362
188 363
188 364
189 365
189 366
190 366
190 367
191 367
191 368
192 368
192 369
193 369
193 370
193 371
194 371
194 372
195 372
195 373
196 373
196 374
197 374
197 375
197 376
198 376
198 377
199 377
199 378
200 378
200 379
201 379
201 380
201 381
202 381
202 382
203 382
203 383
204 383
204 384
205 384
205 385
206 386
206 387
207 387
207 388
208 388
208 389
209 389
209 390
209 391
210 391
210 392
211 392
211 393
212 393
212 394
212 395
213 395
213 396
214 396
214 397
215 397
215 398
215 399
216 399
216 400
217 400
217 401
218 401
218 402
218 403
219 403
219 404
220 404
220 405
221 405
221 406
222 407
222 408
223 408
223 409
223 410
224 410
224 411
224 412
225 412
225 413
225 414
226 414
226 415
226 416
227 416
227 417
227 418
228 418
228 419
229 420
230 420
230 421
231 421
231 422
232 422
233 422
233 423
234 423
234 424
235 424
236 424
236 425
237 425
237 426
238 426
238 427
239 427
240 427
240 428
241 428
241 429
242 429
243 429
243 430
244 430
244 431
245 431
245 432
246 432
247 432
247 433
248 433
248 434
249 434
250 434
250 435
251 435
251 436
252 436
253 437
254 437
254 438
255 438
256 438
256 439
257 439
258 439
258 440
259 440
260 440
260 441
261 441
262 441
262 442
263 442
264 443
265 443
265 444
266 444
267 444
267 445
268 445
269 445
269 446
270 446
271 446
271 447
272 447
273 447
273 448
274 448
275 449
276 449
276 450
277 450
278 450
278 451
279 451
280 451
280 452
281 452
282 452
282 453
283 453
284 453
284 454
285 454
286 455
287 455
288 455
289 455
290 455
291 455
291 456
292 456
293 456
294 456
295 456
296 456
296 457
297 457
298 457
299 457
300 457
301 457
301 458
302 458
303 458
304 458
305 458
306 458
306 459
307 459
308 459
309 459
310 459
311 459
311 460
312 460
313 460
314 460
315 460
316 460
317 461
317 460
318 460
319 460
320 460
320 459
321 459
322 459
323 459
324 459
324 458
325 458
326 458
327 458
327 457
328 457
329 457
330 457
331 457
331 456
332 456
333 456
334 456
335 456
335 455
336 455
336 454
337 454
337 453
338 453
338 452
339 452
339 451
340 451
341 451
341 450
342 450
342 449
343 449
344 449
344 448
345 448
346 448
346 447
347 447
348 447
348 446
349 446
350 446
350 445
351 445
352 445
352 444
353 444
354 444
354 443
355 443
356 443
356 442
357 442
358 442
358 441
359 441
359 440
360 440
361 439
362 439
362 438
363 438
364 437
365 437
365 436
366 436
367 436
367 435
368 435
368 434
369 434
370 434
370 433
369 433
370 433
369 433
370 433
369 433
370 433
369 433
370 433
369 433
370 433
369 433
370 433
369 433
370 433
369 433
370 433
369 433
370 433
369 433
370 433
369 433
370 433
369 433
370 433
369 433
370 433
369 433
370 433
369 433
370 433
369 433
370 433
369 433
370 433
369 433
370 433
369 433
370 433
369 433
370 433
370 432
370 432
