1464
168 380
168 381
169 381
169 382
169 383
170 383
170 384
170 385
171 387
171 388
171 389
171 390
173 391
173 392
174 392
174 393
175 393
175 394
176 394
177 395
178 396
179 396
179 397
180 397
180 398
181 398
182 399
183 400
184 400
184 401
185 401
185 402
186 402
187 403
188 404
189 404
189 405
190 405
190 406
191 406
192 407
193 408
194 408
194 409
195 409
195 410
196 410
196 411
197 411
199 412
199 413
200 413
200 414
201 414
202 414
202 415
203 415
203 416
204 416
204 417
205 417
206 417
206 418
207 418
207 419
208 419
210 420
210 421
211 421
212 421
212 422
213 422
214 422
214 423
215 423
217 424
217 425
218 425
219 425
219 426
220 426
221 426
221 427
222 427
223 427
223 428
224 428
224 429
225 429
226 429
226 430
227 430
228 430
228 431
229 431
230 431
230 432
231 432
233 433
234 434
235 434
236 435
237 435
239 436
240 436
240 437
241 437
242 437
243 437
243 438
244 438
245 438
246 438
246 439
247 439
248 439
250 440
251 440
252 440
253 440
253 441
254 441
255 441
256 441
257 441
258 442
259 442
260 442
261 442
262 442
262 443
263 443
264 443
265 443
266 443
266 444
267 444
268 444
269 444
270 444
272 445
273 445
274 445
275 445
276 446
277 446
278 446
279 446
280 446
281 446
282 447
283 447
284 447
285 447
286 447
287 448
288 448
289 448
290 448
291 448
292 448
293 449
294 449
295 449
296 449
297 449
298 449
298 450
299 450
300 450
301 450
302 450
303 450
304 451
305 451
306 451
307 451
308 451
309 452
310 452
311 452
312 452
313 452
314 452
315 453
316 453
317 453
318 453
319 453
320 453
321 454
322 454
323 454
324 454
325 454
325 455
326 455
327 455
328 455
329 455
330 455
331 456
332 456
333 456
334 456
335 456
336 456
337 457
338 457
339 457
340 457
341 457
342 458
343 458
344 458
345 458
346 458
347 458
348 459
349 459
350 459
351 459
352 459
354 460
355 460
356 460
357 460
358 460
359 460
360 460
361 460
362 460
363 460
364 460
364 461
365 461
366 461
367 461
368 461
369 461
370 461
371 461
372 461
373 461
374 461
375 461
376 461
376 462
377 462
378 462
379 462
380 462
381 462
382 462
383 462
384 462
385 462
386 462
387 462
388 462
388 463
389 463
390 463
391 463
392 463
393 463
394 463
395 463
396 463
397 463
398 463
399 463
401 464
402 464
403 464
404 464
405 464
406 464
407 464
408 464
409 464
410 464
411 464
412 464
413 464
414 464
415 464
416 464
417 464
418 464
419 464
420 464
421 464
422 464
423 464
425 464
426 464
427 464
428 464
429 464
430 464
431 464
432 464
433 464
434 464
435 464
436 464
437 464
438 464
439 464
440 464
441 464
442 464
443 464
444 464
445 464
446 464
447 464
448 464
449 464
450 464
451 464
452 464
453 464
454 464
455 464
457 464
458 464
459 463
460 463
460 462
461 462
462 461
463 461
464 460
465 460
466 459
467 459
467 458
468 458
469 458
469 457
470 457
471 457
471 456
472 456
473 456
473 455
474 455
475 455
475 454
476 454
477 453
478 453
478 452
479 452
480 452
480 451
481 451
482 451
482 450
483 450
484 450
484 449
485 449
486 449
486 448
487 448
488 447
489 447
490 446
491 446
492 445
493 445
494 444
495 444
496 443
497 443
498 442
499 442
500 441
501 441
502 440
503 440
504 439
505 439
506 438
507 438
508 437
509 437
510 436
511 436
511 435
512 435
513 435
513 434
514 434
514 433
515 433
516 433
516 432
517 432
517 431
518 431
519 431
519 430
520 430
521 430
521 429
522 429
522 428
523 428
524 428
524 427
525 427
525 426
526 426
527 426
527 425
528 425
529 424
530 424
530 423
531 423
531 422
532 422
533 422
533 421
534 421
534 420
535 420
535 419
536 419
537 419
537 418
538 418
538 417
539 417
540 416
541 415
542 414
543 413
544 412
545 411
546 410
547 409
548 408
549 407
550 406
551 405
552 404
553 403
554 402
555 401
556 400
557 399
558 398
559 397
560 396
561 395
562 394
563 393
564 392
565 391
566 390
567 389
567 388
568 388
568 387
568 386
569 386
569 385
570 384
570 383
571 383
571 382
571 381
572 381
572 380
573 379
573 378
574 378
574 377
574 376
575 376
575 375
576 374
576 373
577 372
577 371
578 370
578 369
579 368
579 367
580 366
580 365
581 364
581 363
582 362
582 361
583 360
583 359
584 358
584 357
585 356
585 355
586 355
586 354
586 353
587 353
587 352
587 351
588 351
588 350
589 349
589 348
590 348
590 347
590 346
591 346
591 345
591 344
592 344
592 343
593 342
593 341
593 340
593 339
594 339
594 338
594 337
594 336
594 335
595 335
595 334
595 333
595 332
596 331
596 330
596 329
596 328
597 327
597 326
597 325
597 324
598 324
598 323
598 322
598 321
598 320
599 320
599 319
599 318
599 317
600 316
600 315
600 314
600 313
600 312
601 311
601 310
601 309
601 308
601 307
602 307
602 306
602 305
602 304
602 303
603 302
603 301
603 300
603 299
603 298
603 297
604 297
604 296
604 295
604 294
604 293
605 292
605 291
605 290
605 289
605 288
606 287
606 286
606 285
606 284
606 283
607 282
607 281
607 280
607 279
607 278
608 278
608 277
608 276
608 275
608 274
608 273
609 272
609 271
609 270
609 269
609 268
610 268
610 267
610 266
610 265
610 264
611 263
611 262
611 261
611 260
611 259
612 258
612 257
612 256
612 255
612 254
612 253
612 252
612 251
612 250
612 249
612 248
612 247
612 246
612 245
612 244
612 243
611 243
611 242
611 241
610 241
610 240
609 240
609 239
609 238
608 238
608 237
607 237
607 236
607 235
606 235
606 234
605 233
605 232
605 231
604 230
604 229
604 228
604 227
603 227
603 226
603 225
603 224
602 224
602 223
602 222
602 221
601 220
601 219
601 218
600 217
600 216
600 215
600 214
599 214
599 213
599 212
599 211
598 211
598 210
598 209
598 208
597 207
597 206
597 205
596 204
596 203
596 202
595 201
595 200
595 199
595 198
594 198
594 197
594 196
594 195
593 195
593 194
593 193
593 192
592 191
592 190
592 189
591 188
591 187
591 186
591 185
590 185
590 184
590 183
590 182
589 182
589 181
589 180
589 179
588 178
588 177
588 176
587 175
587 174
587 173
587 172
586 172
586 171
586 170
586 169
585 169
585 168
585 167
585 166
584 165
584 164
584 163
584 162
583 162
583 161
583 160
583 159
582 159
582 158
582 157
582 156
581 155
581 154
581 153
580 153
580 152
580 151
579 150
579 149
579 148
578 148
578 147
578 146
577 145
577 144
577 143
576 143
576 142
576 141
576 140
575 140
575 139
575 138
574 138
574 137
574 136
574 135
573 135
573 134
573 133
572 132
572 131
572 130
571 130
571 129
571 128
570 127
570 126
570 125
569 125
569 124
569 123
568 122
568 121
568 120
567 120
567 119
567 118
566 117
566 116
565 116
565 115
565 114
564 114
564 113
564 112
563 112
563 111
562 110
561 109
560 109
560 108
559 108
559 107
558 107
558 106
557 106
557 105
556 105
556 104
555 104
555 103
554 103
554 102
553 102
553 101
552 101
552 100
551 100
551 99
550 99
549 98
548 97
547 97
547 96
546 96
545 96
545 95
544 95
543 94
542 94
541 94
540 94
539 94
538 94
537 94
536 94
535 94
534 94
533 93
532 93
531 93
530 93
529 93
528 93
527 93
526 93
525 93
524 93
523 92
522 92
521 92
520 92
519 92
518 92
517 92
516 92
515 92
514 92
513 92
512 92
511 92
510 92
509 91
508 91
507 91
506 91
505 91
504 91
503 91
502 91
501 91
500 90
499 90
498 90
497 90
496 90
495 90
494 90
493 90
492 90
491 90
490 90
489 90
488 90
487 90
486 90
485 90
484 90
483 90
482 90
481 90
480 90
479 90
478 90
477 90
476 90
475 90
474 90
473 90
472 90
471 90
470 90
469 90
468 89
467 89
466 89
465 89
464 89
463 89
462 89
461 89
460 89
459 89
458 89
457 89
456 89
455 89
454 89
453 89
452 89
451 89
450 89
449 89
448 89
447 89
446 89
445 89
444 89
443 89
442 89
441 89
440 89
439 89
438 89
437 89
436 89
435 89
434 89
433 89
432 89
431 89
430 89
429 89
428 89
427 89
426 89
425 89
424 89
423 89
422 89
421 89
420 89
419 89
418 89
417 89
416 89
415 89
414 89
413 89
412 89
411 89
410 89
409 89
408 89
407 89
406 89
405 89
404 89
403 89
402 89
401 89
401 90
400 90
399 90
398 90
397 90
397 91
396 91
395 91
394 91
394 92
393 92
392 92
391 92
390 92
390 93
389 93
388 93
387 93
386 94
385 94
384 94
383 94
382 94
381 94
380 94
379 94
378 94
377 94
376 94
375 94
374 94
373 94
372 95
371 95
370 95
369 95
368 95
367 95
366 95
365 95
364 95
363 95
362 95
361 95
360 95
359 95
358 95
357 95
356 95
355 95
354 95
353 95
352 95
351 96
350 96
349 96
348 96
347 96
346 96
345 96
344 96
343 96
342 96
341 96
340 96
339 96
338 96
337 97
336 97
335 97
334 97
333 97
332 97
331 97
330 97
329 97
328 97
327 97
326 97
325 97
324 97
323 98
322 98
321 98
320 98
319 98
318 98
317 98
316 98
315 98
314 98
313 98
312 98
311 98
310 98
309 99
308 99
307 99
306 99
305 99
304 99
303 100
302 100
301 100
300 100
299 100
298 100
298 101
297 101
296 101
295 101
294 101
293 101
292 101
292 102
291 102
290 102
289 102
288 102
287 102
286 102
286 103
285 103
284 103
283 103
282 103
281 103
280 103
280 104
279 104
278 104
277 104
276 104
275 104
274 105
273 105
272 105
271 105
270 105
269 105
268 106
267 106
266 106
265 106
264 106
263 107
262 107
261 107
260 107
259 107
258 108
257 108
256 108
255 108
254 108
254 109
253 109
252 109
251 109
250 109
249 109
249 110
248 110
247 110
246 110
245 110
244 110
244 111
243 111
242 111
241 111
240 111
239 111
239 112
238 112
237 112
236 112
235 112
234 113
233 113
232 113
231 113
230 113
229 114
228 114
227 114
226 114
225 114
224 115
223 115
222 115
221 115
220 116
219 116
218 116
217 116
216 116
216 117
215 117
214 117
213 117
212 118
211 118
210 118
209 118
208 118
207 119
206 119
205 119
204 120
203 120
202 120
201 120
200 120
199 121
198 121
197 121
196 121
196 122
195 122
194 122
193 122
192 122
191 123
190 123
189 123
188 123
187 124
186 124
185 124
184 124
183 125
182 125
181 125
180 125
179 125
179 126
178 126
177 126
176 126
175 127
174 127
173 127
172 127
171 127
170 128
169 128
168 128
167 129
166 129
165 129
164 129
163 129
162 130
161 130
160 130
159 130
159 131
158 131
157 131
156 131
155 131
154 132
153 132
152 132
151 132
150 133
149 133
149 134
148 134
147 134
147 135
146 135
145 135
145 136
144 136
143 136
143 137
142 137
141 138
140 138
140 139
139 139
138 139
138 140
137 140
136 140
136 141
135 141
134 141
134 142
133 142
132 143
131 143
130 144
129 144
129 145
128 145
128 146
127 146
126 147
125 147
125 148
124 148
124 149
123 149
122 150
121 150
121 151
120 151
120 152
119 152
119 154
118 156
118 157
118 159
118 160
118 162
118 163
118 165
118 167
118 168
118 169
118 170
118 171
118 173
118 174
118 176
118 177
118 178
119 179
119 180
119 181
119 182
120 183
120 184
120 185
120 186
121 187
121 188
121 189
121 190
122 191
122 192
122 193
122 194
122 195
123 195
123 196
123 197
123 198
123 199
124 199
124 200
124 201
124 202
125 203
125 204
125 205
125 206
125 207
126 208
126 209
126 210
126 211
127 212
127 213
127 214
127 215
128 215
128 216
128 217
128 218
128 219
129 219
129 220
129 221
129 222
129 223
130 224
130 225
130 226
130 227
131 228
131 229
131 230
131 231
132 232
132 233
132 234
132 235
133 236
133 237
133 238
133 239
134 241
134 242
134 243
135 245
135 246
136 246
136 247
136 248
137 249
137 250
137 251
138 251
138 252
138 253
139 254
139 255
139 256
140 256
140 257
140 258
141 260
141 261
141 262
142 264
142 265
142 267
142 268
143 268
143 269
143 270
144 271
144 272
144 273
145 273
145 274
145 275
168 379
171 386
172 391
198 412
209 420
216 424
232 433
238 436
249 440
271 445
353 460
400 464
424 464
456 464
459 464
462 462
466 460
488 448
510 437
529 425
540 417
567 390
576 375
585 357
593 343
600 317
612 259
613 245
606 234
588 176
582 156
567 118
563 111
549 98
544 95
514 92
510 92
501 91
437 89
405 89
387 94
373 95
366 95
310 99
269 106
225 115
151 133
131 144
127 147
123 150
119 153
119 155
119 156
118 158
118 161
118 164
118 166
118 172
118 175
134 240
135 244
141 259
142 263
142 266
146 276
