2710
255 493
254 492
253 491
253 490
252 489
252 488
251 488
250 487
250 486
249 485
249 484
248 484
247 483
247 482
246 481
246 480
245 480
244 479
244 478
243 477
243 476
242 476
241 475
241 474
240 473
240 472
239 471
239 471
238 470
237 469
237 468
236 467
236 467
235 466
234 465
234 464
233 463
233 463
232 462
231 461
231 460
230 459
230 459
229 458
228 457
228 456
227 455
227 454
226 454
226 453
225 452
224 451
224 450
223 450
223 449
222 448
221 447
221 446
220 446
220 445
219 444
218 443
218 442
217 442
217 441
216 440
215 439
215 438
214 437
214 437
213 436
213 435
212 434
211 433
211 433
210 432
210 431
209 430
208 429
208 429
207 428
207 427
206 426
205 425
205 425
204 424
204 423
203 422
202 421
202 420
201 420
201 419
200 418
200 417
199 416
198 416
198 415
197 414
197 413
196 412
195 412
195 411
194 410
194 409
193 408
192 408
192 407
191 406
191 405
190 404
189 403
189 403
188 402
188 401
187 400
186 399
186 399
185 398
185 397
184 396
183 395
182 394
182 393
181 393
181 392
180 391
180 390
179 389
178 388
178 388
177 387
177 386
176 385
176 384
175 383
175 383
174 382
174 381
173 380
173 379
172 378
172 377
171 377
171 376
170 375
170 374
169 373
169 372
168 371
168 370
167 370
167 369
166 368
166 367
165 366
165 365
164 364
164 363
164 362
163 361
163 361
162 360
162 359
162 358
161 357
161 356
160 355
160 354
160 353
159 352
159 351
158 350
158 350
158 349
157 348
157 347
157 346
156 345
156 344
156 343
155 342
155 341
155 340
154 339
154 338
154 337
153 336
153 335
153 334
153 333
152 332
152 332
152 331
152 330
151 329
151 328
151 327
151 326
150 325
150 324
150 323
150 322
149 321
149 320
149 319
149 318
149 317
148 316
148 315
148 314
148 313
148 312
147 311
147 310
147 309
147 308
147 307
147 306
147 305
146 304
146 303
146 302
146 301
146 300
146 299
146 298
146 297
146 296
145 295
145 294
145 293
145 292
145 291
145 290
145 289
145 288
145 287
145 286
145 285
145 284
145 283
145 282
145 281
145 280
145 279
145 278
145 277
145 276
145 275
145 274
145 273
145 272
145 271
145 270
145 269
145 268
145 267
145 266
145 265
145 264
145 263
145 262
145 261
146 260
146 259
146 258
146 257
146 256
146 255
146 254
146 253
146 252
147 251
147 250
147 249
147 248
147 247
147 246
147 245
148 244
148 243
148 242
148 241
148 240
149 239
149 238
149 237
149 236
149 236
150 235
150 234
150 233
150 232
151 231
151 230
151 229
151 228
152 227
152 226
152 225
152 224
153 223
153 222
153 221
153 220
154 219
154 218
154 217
155 216
155 215
155 214
156 213
156 212
156 212
157 211
157 210
157 209
158 208
158 207
158 206
159 205
159 204
160 203
160 202
160 201
161 200
161 199
161 199
162 198
162 197
163 196
163 195
164 194
164 193
164 192
165 191
165 190
166 189
166 189
167 188
167 187
168 185
168 184
169 183
169 182
170 181
170 181
171 180
171 179
172 178
172 177
173 176
173 175
174 174
174 174
175 173
175 172
176 171
176 170
177 169
177 168
178 168
178 167
179 166
179 165
180 164
180 163
181 162
182 162
182 161
183 160
183 159
184 158
184 157
185 157
185 156
186 155
187 154
187 153
188 153
188 152
189 151
190 150
190 149
191 149
191 148
192 147
193 146
193 145
194 145
194 144
195 143
196 142
196 142
197 141
198 140
198 139
199 138
200 138
200 137
201 136
202 135
202 135
203 134
204 133
204 133
205 132
206 131
206 130
207 130
208 129
208 128
209 127
210 127
210 126
211 125
212 125
213 124
213 123
214 122
215 122
215 121
216 120
217 120
218 119
218 118
219 118
220 117
221 116
221 116
222 115
223 114
224 114
224 113
225 112
226 112
227 111
227 111
228 110
229 109
230 109
231 108
231 107
232 107
233 106
234 106
235 105
235 104
236 104
237 103
238 103
239 102
239 101
240 101
241 100
242 100
243 99
243 98
244 98
245 97
246 97
247 96
248 96
248 95
249 95
250 94
251 94
252 93
253 92
253 92
254 91
255 91
256 90
257 90
258 89
259 89
260 88
260 88
261 87
262 87
263 86
264 86
265 85
266 85
267 85
267 84
268 84
269 83
270 83
271 82
272 82
273 81
274 81
275 80
275 80
276 80
277 79
278 79
279 78
280 78
281 78
282 77
283 77
284 76
285 76
286 76
286 75
287 75
288 74
289 74
290 74
291 73
292 73
293 73
294 72
295 72
296 72
297 71
298 71
299 71
300 70
301 70
301 70
302 69
303 69
304 69
305 68
306 68
307 68
308 68
309 67
310 67
311 67
312 66
313 66
314 66
315 66
316 65
317 65
318 65
319 65
320 64
321 64
322 64
323 64
324 64
325 63
326 63
327 63
328 63
328 62
329 62
330 62
331 62
332 62
333 62
334 61
335 61
336 61
337 61
338 61
339 61
340 60
341 60
342 60
343 60
344 60
345 60
346 60
347 60
348 59
349 59
350 59
351 59
352 59
353 59
354 59
355 59
356 59
357 59
358 58
359 58
360 58
362 58
363 58
364 58
365 58
366 58
367 57
368 57
369 57
370 57
371 57
372 57
373 57
374 57
375 57
376 57
377 57
378 57
379 56
380 56
381 56
382 56
383 56
384 56
385 56
386 56
387 56
388 56
389 56
390 56
391 56
392 56
393 56
394 56
395 56
396 56
397 56
398 55
399 55
400 55
401 55
402 55
403 55
404 55
405 55
406 55
407 55
408 55
409 55
410 55
411 55
412 55
413 55
414 55
415 55
416 55
417 55
418 55
419 55
420 55
421 55
422 55
423 55
424 55
425 55
426 55
427 55
428 55
429 56
430 56
431 56
432 56
433 56
434 56
435 56
436 56
437 56
438 56
439 56
440 56
441 56
442 56
443 56
444 56
445 56
446 56
447 56
448 56
449 57
450 57
451 57
452 57
453 57
454 57
455 57
456 57
457 57
458 57
459 57
460 58
461 58
462 58
463 58
464 58
465 58
466 58
467 58
468 58
469 58
470 59
471 59
472 59
473 59
474 59
475 59
476 59
477 59
478 60
479 60
480 60
481 60
482 60
483 60
484 60
485 61
486 61
487 61
488 61
489 61
490 61
491 61
492 62
493 62
494 62
495 62
496 62
497 62
498 63
499 63
499 63
500 63
501 63
502 64
503 64
504 64
505 64
506 64
507 65
508 65
509 65
510 65
511 65
512 65
513 66
514 66
515 66
516 66
517 67
518 67
519 67
520 67
521 67
522 68
523 68
524 68
525 68
526 69
527 69
528 69
529 69
530 70
531 70
532 70
533 70
534 70
535 71
536 71
537 71
538 72
539 72
539 72
540 72
541 73
542 73
543 73
544 73
545 74
546 74
547 74
548 74
549 75
550 75
551 75
552 76
553 76
554 76
555 76
556 77
557 77
558 77
559 78
560 78
561 78
562 79
562 79
563 79
564 79
565 80
566 80
567 80
568 81
569 81
570 81
571 82
572 82
573 82
574 83
575 83
576 83
577 84
578 84
579 84
579 85
580 85
581 85
582 86
583 86
584 86
585 87
586 87
587 88
588 88
590 89
590 89
591 89
592 90
593 90
594 90
595 91
596 91
597 92
598 92
599 92
600 93
601 93
601 94
602 94
603 94
604 95
605 95
606 96
607 96
608 97
609 97
610 98
610 98
611 98
612 99
613 99
614 100
615 100
616 101
617 101
617 102
618 102
619 103
620 103
621 104
622 104
623 105
624 105
624 106
625 106
626 107
627 107
628 108
629 109
629 109
630 110
631 110
632 111
633 111
634 112
634 112
635 113
636 114
637 114
638 115
639 115
639 116
640 116
641 117
642 118
643 118
643 119
644 119
645 120
646 121
646 121
647 122
648 123
649 123
650 124
650 125
651 125
652 126
653 126
653 127
654 128
655 128
656 129
656 130
657 130
658 131
659 132
659 132
660 133
661 134
662 135
662 135
663 136
664 137
664 137
665 138
666 139
666 139
667 140
668 141
669 142
669 142
670 143
671 144
671 145
672 145
673 146
673 147
674 147
675 148
675 149
676 150
677 151
677 151
678 152
679 153
679 154
680 154
680 155
681 156
682 157
682 157
683 158
684 159
684 160
685 161
685 161
686 162
687 163
687 164
688 165
688 165
689 166
689 167
690 168
691 169
691 170
692 170
692 171
693 172
693 173
694 174
694 175
695 175
696 176
696 177
697 178
697 179
698 180
698 181
699 181
699 182
700 183
700 184
701 185
701 186
702 187
702 187
703 188
703 189
704 190
704 191
704 192
705 193
705 194
706 195
706 195
707 196
707 197
708 198
708 199
708 200
709 201
709 202
710 203
710 204
710 205
711 205
711 206
712 207
712 208
712 209
713 210
713 211
714 212
714 213
714 214
715 215
715 216
715 217
716 218
716 218
716 219
717 220
717 221
717 222
718 223
718 224
718 225
719 226
719 227
719 228
720 229
720 230
720 231
720 232
721 233
721 234
721 235
721 236
722 237
722 238
722 239
722 239
723 240
723 241
723 242
723 243
724 244
724 245
724 246
724 247
724 247
724 248
725 249
725 250
725 251
725 252
725 253
726 254
726 255
726 256
726 257
727 258
727 259
727 260
727 261
727 262
728 263
728 264
728 265
728 266
728 267
729 268
729 269
729 270
729 271
729 272
730 273
730 274
730 275
730 276
730 277
731 278
731 279
731 280
731 281
731 282
731 283
731 284
732 285
732 286
732 287
732 288
732 289
732 290
732 291
732 292
732 293
732 294
732 295
733 296
733 297
733 298
733 299
733 300
733 301
733 302
733 303
733 304
733 305
733 306
733 307
733 308
733 309
733 310
733 311
733 312
733 313
733 314
733 315
733 316
733 317
733 318
733 319
733 320
733 321
733 322
732 323
732 324
732 325
732 326
732 327
732 328
732 329
732 330
732 331
732 332
731 333
731 334
731 335
731 336
731 337
731 338
731 339
730 340
730 341
730 341
730 342
730 343
730 344
729 345
729 346
729 347
729 348
729 349
728 350
728 351
728 352
728 353
727 354
727 355
727 356
727 357
726 358
726 359
726 360
726 361
725 362
725 363
725 364
725 365
724 366
724 367
724 368
723 369
723 370
723 371
722 371
722 372
722 373
721 374
721 375
721 376
720 377
720 378
720 379
719 380
719 381
718 382
718 383
718 384
717 385
717 385
716 386
716 387
716 388
715 389
715 390
714 391
714 392
714 393
713 394
713 394
712 395
712 396
711 397
711 398
710 399
710 400
709 401
709 402
708 402
708 403
707 404
707 405
706 406
706 407
705 408
705 408
704 409
704 410
703 411
703 412
702 413
702 414
701 414
701 415
700 416
699 417
699 418
698 419
698 419
697 420
697 421
696 422
695 423
695 423
694 424
694 425
693 426
692 427
692 427
691 428
691 429
690 430
689 431
689 431
688 432
687 433
687 434
686 434
685 435
685 436
684 437
683 437
683 438
682 439
681 440
681 440
680 441
679 442
679 442
678 443
677 444
677 445
676 445
675 446
674 447
674 447
673 448
672 449
672 449
671 450
671 450
670 451
669 452
668 452
668 453
666 455
665 455
665 456
664 457
663 457
662 458
662 459
661 459
660 460
659 461
658 461
658 462
657 463
656 463
655 464
655 464
654 465
653 466
652 466
651 467
651 467
650 468
649 469
648 469
647 470
647 470
646 471
645 472
644 472
643 473
642 473
642 474
641 474
640 475
639 475
638 476
637 476
637 477
636 478
635 478
634 479
633 479
632 480
631 480
631 481
630 481
629 481
628 482
627 482
626 483
625 483
624 484
623 484
623 485
622 485
621 486
620 486
619 486
618 487
617 487
616 488
615 488
614 488
613 489
613 489
612 490
611 490
610 490
609 491
608 491
607 491
606 492
605 492
604 492
603 493
602 493
601 493
600 494
599 494
598 494
598 495
597 495
596 495
595 496
594 496
593 496
592 496
591 497
590 497
589 497
588 497
587 498
586 498
585 498
584 498
583 499
582 499
581 499
580 499
579 499
578 500
577 500
576 500
575 500
574 500
573 501
572 501
571 501
570 501
569 501
568 501
567 501
566 502
565 502
564 502
563 502
562 502
561 502
560 502
559 502
558 502
557 503
556 503
555 503
554 503
553 503
552 503
551 503
550 503
549 503
548 503
547 503
546 503
545 503
544 503
543 503
542 503
541 503
540 503
539 503
538 503
537 503
536 503
535 503
534 503
533 503
532 503
531 503
530 503
529 502
528 502
527 502
526 502
525 502
524 502
523 502
522 502
521 502
520 502
519 501
518 501
517 501
516 501
515 501
514 501
513 501
513 500
512 500
511 500
510 500
509 500
508 499
507 499
506 499
505 499
504 499
503 498
502 498
501 498
500 498
499 497
498 497
496 497
495 496
494 496
493 496
492 495
491 495
490 495
489 495
488 494
487 494
486 494
485 493
484 493
483 493
482 492
481 492
480 492
479 492
478 491
477 491
476 491
475 490
475 490
474 490
473 489
472 489
471 489
470 488
469 488
468 488
467 487
466 487
465 487
464 486
463 486
462 485
461 485
460 485
460 484
459 484
458 484
457 483
456 483
455 482
454 482
453 482
452 481
451 481
450 480
449 480
448 480
448 479
447 479
446 478
445 478
444 478
443 477
442 477
441 476
440 476
439 476
438 475
438 475
437 474
436 474
435 473
434 473
433 472
432 472
431 472
430 471
430 471
429 470
428 470
427 469
426 469
425 468
424 468
423 467
422 467
422 466
421 466
420 465
419 465
418 464
417 464
416 464
415 463
415 463
414 462
413 462
412 461
411 460
410 460
409 459
409 459
408 458
407 458
406 457
405 457
404 456
403 456
403 455
402 455
401 454
400 454
399 453
398 453
398 452
397 451
396 451
395 450
394 450
393 449
393 449
392 448
391 448
390 447
389 446
388 446
388 445
387 445
386 444
385 444
384 443
384 442
383 442
382 441
381 441
380 440
380 439
379 439
378 438
377 438
376 437
376 436
375 436
374 435
373 435
372 434
372 433
371 433
370 432
369 431
369 431
368 430
367 429
366 429
365 428
365 428
364 427
363 426
362 426
362 425
361 424
360 424
359 423
359 422
358 422
357 421
356 420
356 420
355 419
354 418
353 418
353 417
352 416
351 416
350 415
350 414
349 414
348 413
348 412
347 412
346 411
345 410
345 409
344 409
343 408
343 407
342 407
341 406
340 405
340 404
339 404
338 403
338 402
337 402
336 401
336 400
335 399
334 399
334 398
333 397
332 396
331 395
330 394
329 393
329 393
328 392
327 391
327 391
326 390
325 389
325 388
324 388
323 387
323 386
322 385
321 385
321 384
320 383
319 382
319 382
318 381
317 380
317 379
316 379
315 378
315 377
314 376
313 376
313 375
312 374
311 373
310 372
309 371
309 371
308 370
307 369
307 368
306 368
306 367
305 366
304 365
304 365
303 364
302 363
302 362
301 361
301 361
300 360
299 359
299 358
298 357
298 357
297 356
297 355
296 354
295 353
295 352
294 352
294 351
293 350
293 349
292 348
292 347
291 347
291 346
290 345
290 344
289 343
289 342
288 341
288 340
287 340
287 339
286 338
286 337
285 336
285 335
285 334
284 333
284 332
283 332
283 331
282 330
282 329
282 328
281 327
281 326
280 325
280 324
280 323
279 322
279 321
279 320
278 319
278 319
278 318
277 317
277 316
277 315
276 314
276 313
276 312
275 311
275 310
275 309
275 308
274 307
274 306
274 305
274 304
273 303
273 302
273 301
273 300
272 299
272 298
272 297
272 296
272 295
271 294
271 293
271 292
271 291
271 290
271 289
271 289
270 288
270 287
270 286
270 285
270 284
270 283
270 282
270 281
269 280
269 279
269 278
269 277
269 276
269 275
269 274
269 273
269 272
269 271
269 270
269 269
269 268
269 267
269 266
269 265
269 264
269 263
269 262
269 261
269 260
269 259
269 258
269 257
269 256
269 255
269 254
269 253
269 252
269 251
270 250
270 249
270 248
270 247
270 246
270 245
270 244
271 242
271 241
271 240
271 239
271 238
271 237
272 236
272 235
272 234
272 233
272 232
273 231
273 230
273 229
273 228
274 227
274 226
274 225
274 224
275 223
275 223
275 222
276 221
276 220
276 219
277 218
277 217
277 216
278 215
278 214
278 213
279 212
279 211
280 210
280 209
280 209
281 208
281 207
282 206
282 205
283 204
283 203
284 202
284 201
285 201
285 200
286 199
286 198
287 197
287 196
288 195
288 195
289 194
289 193
290 192
290 191
291 190
291 190
292 189
293 188
293 187
294 186
294 186
295 185
296 184
296 183
297 182
298 182
298 181
299 180
300 179
300 179
301 178
302 177
302 176
303 176
304 175
304 174
305 174
306 173
306 172
307 171
308 171
309 170
309 169
310 169
311 168
312 167
312 167
313 166
314 165
315 165
315 164
316 164
317 163
318 162
319 162
319 161
320 161
321 160
322 159
323 159
324 158
324 158
325 157
326 157
327 156
328 156
329 155
330 155
330 154
331 154
332 153
333 153
334 152
335 152
336 151
337 151
337 150
338 150
339 150
340 149
341 149
342 148
343 148
344 148
345 147
346 147
347 146
348 146
348 146
349 145
350 145
351 145
352 144
353 144
353 144
354 144
355 143
356 143
357 143
358 143
359 142
360 142
361 142
362 141
363 141
364 141
364 140
365 140
366 140
367 139
368 139
369 139
370 138
371 138
372 138
373 138
374 137
375 137
376 137
377 136
378 136
379 136
380 135
381 135
382 135
383 134
384 134
385 134
386 133
387 133
388 133
389 132
390 132
391 132
392 132
393 131
394 131
395 131
396 131
397 130
398 130
399 130
400 130
401 129
402 129
403 129
404 129
405 129
406 128
407 128
408 128
409 128
410 128
411 127
412 127
413 127
414 127
415 127
416 127
417 127
418 126
419 126
419 126
420 126
421 126
422 126
423 126
424 126
425 126
426 126
427 126
428 126
429 125
430 125
431 125
432 125
433 125
434 125
435 125
436 125
437 125
438 125
439 125
440 125
441 125
442 125
443 125
444 125
445 125
446 125
447 125
448 125
449 126
450 126
451 126
452 126
453 126
454 126
455 126
456 126
457 126
458 126
459 126
460 127
461 127
462 127
463 127
464 127
465 127
466 127
467 128
468 128
469 128
470 128
471 128
472 129
473 129
474 129
475 129
476 129
477 130
478 130
479 130
480 130
481 130
482 131
483 131
484 131
485 132
486 132
487 132
488 132
489 133
490 133
491 133
492 133
493 134
494 134
494 134
495 135
496 135
497 135
498 136
499 136
500 136
502 137
502 137
503 138
504 138
505 138
506 139
507 139
508 140
509 140
510 140
511 141
512 141
513 142
513 142
514 142
515 143
516 143
517 144
518 144
519 145
520 145
521 145
522 146
523 146
523 147
524 147
525 148
526 148
527 149
528 149
529 150
530 150
530 151
531 151
532 152
533 152
534 153
535 153
536 154
537 154
537 155
538 155
539 156
540 156
541 157
542 157
543 158
543 158
544 159
545 159
546 160
547 160
548 161
548 162
549 162
550 163
551 163
552 164
552 164
553 165
554 166
555 166
556 167
557 167
557 168
558 168
559 169
560 170
561 170
561 171
562 172
563 172
564 173
564 173
565 174
566 175
567 175
568 176
568 177
569 177
570 178
571 179
571 179
572 180
573 180
574 181
574 182
575 182
576 183
577 184
577 185
578 185
579 186
579 187
580 187
581 188
582 189
582 189
583 190
584 191
584 191
585 192
586 193
587 194
587 194
588 195
589 196
589 197
590 197
591 198
591 199
592 200
593 200
593 201
594 202
595 203
595 203
596 204
597 205
597 206
598 206
599 207
599 208
600 208
600 209
601 210
601 211
602 211
603 212
603 213
604 214
605 215
605 215
606 216
607 217
607 218
608 219
609 220
610 221
610 221
611 222
611 223
612 224
613 225
613 225
614 226
614 227
615 228
616 229
616 229
617 230
617 231
618 232
618 233
619 234
620 234
620 235
621 236
621 237
622 238
622 239
623 240
623 240
624 241
624 242
625 243
625 244
626 245
626 246
627 246
627 247
628 248
628 249
629 250
629 251
629 252
630 253
630 254
631 255
631 255
632 256
632 257
632 258
633 259
633 260
634 261
634 262
634 263
635 264
635 265
636 266
636 266
636 267
637 268
637 269
637 270
638 271
638 272
638 273
639 274
639 275
639 276
640 277
640 278
640 279
640 280
641 281
641 282
641 283
641 284
642 285
642 285
642 286
642 287
643 288
643 289
643 290
643 291
644 292
644 293
644 294
644 295
644 296
645 297
645 298
645 299
645 300
645 301
645 302
645 303
646 304
646 305
646 306
646 307
646 308
646 309
646 310
647 312
647 312
647 313
647 314
647 315
647 316
647 317
647 318
647 319
647 320
647 321
647 322
647 323
647 324
647 325
647 326
646 327
646 328
646 329
646 330
646 331
646 332
646 333
645 334
645 335
645 336
645 337
645 338
644 339
644 340
644 341
644 342
643 343
643 344
643 345
642 346
642 347
642 348
641 349
641 350
640 351
640 352
640 352
639 353
639 354
638 355
638 356
637 357
637 358
636 359
636 360
635 360
635 361
634 362
634 363
633 364
633 365
632 365
632 366
631 367
630 368
630 369
629 369
629 370
628 371
627 372
627 372
626 373
625 374
625 375
624 375
623 376
622 377
622 378
621 378
620 379
619 380
619 380
618 381
617 381
616 382
616 383
615 383
614 384
613 384
612 385
612 386
611 386
610 387
609 387
608 388
607 388
606 389
606 389
605 390
604 390
603 391
602 391
602 392
601 392
600 393
599 393
598 394
597 394
596 395
595 395
594 396
593 396
592 397
591 397
590 398
589 398
589 399
588 399
587 399
586 400
585 400
584 401
583 401
582 401
581 402
580 402
579 402
578 403
578 403
577 404
576 404
575 404
574 405
573 405
572 405
571 405
570 406
569 406
568 406
567 407
566 407
565 407
564 407
563 408
562 408
561 408
560 408
559 409
558 409
557 409
556 409
555 409
554 410
553 410
552 410
551 410
550 410
549 410
548 410
547 411
547 411
546 411
545 411
544 411
543 411
542 411
541 411
540 411
539 411
538 412
537 412
536 412
535 412
534 412
533 412
532 412
531 412
530 412
529 412
528 412
527 412
526 412
525 412
524 412
523 411
522 411
521 411
520 411
519 411
518 411
517 411
516 411
515 411
514 411
513 411
512 410
511 410
510 410
509 410
508 410
507 410
506 409
505 409
504 409
503 409
502 409
501 408
500 408
499 408
498 408
497 407
496 407
495 407
494 407
492 406
491 406
490 405
489 405
488 405
487 404
486 404
485 404
484 403
483 403
482 403
481 402
480 402
479 402
478 401
477 401
477 400
476 400
475 400
474 399
473 399
472 398
471 398
470 397
469 397
468 396
468 396
467 396
466 395
465 395
464 394
463 394
462 393
461 392
461 392
460 391
459 391
458 390
457 390
456 389
456 389
455 388
454 387
453 387
452 386
452 386
451 385
450 384
449 384
448 383
448 383
447 382
446 381
445 381
445 380
444 379
443 379
442 378
442 377
441 377
440 376
440 375
439 374
438 374
437 373
437 372
436 372
435 371
435 370
434 369
433 369
433 368
432 367
431 366
431 366
430 365
430 364
429 363
428 362
428 362
427 361
426 360
426 359
425 358
425 358
424 357
424 356
423 355
423 354
422 353
421 353
421 352
420 351
420 350
419 349
419 348
418 347
418 347
417 346
417 345
416 344
416 343
416 342
415 341
415 340
414 339
414 339
413 338
413 337
413 336
412 335
412 334
412 333
411 332
411 332
410 331
410 330
409 329
409 328
409 327
408 326
408 325
407 324
407 323
407 322
406 321
406 321
405 320
405 319
405 318
404 317
404 316
403 315
403 314
403 313
402 312
402 311
401 310
401 310
401 309
400 308
400 307
399 306
399 305
398 304
398 303
398 302
397 301
397 300
396 299
396 299
396 298
395 297
395 296
394 295
394 294
394 293
393 292
393 291
392 290
392 289
392 288
391 288
391 287
390 286
390 285
390 284
389 283
389 282
388 281
